12 12
0 54.2857 7 -3 plante.jpg
1 38.5714 503 9 puceron.jpg
2 40 696 9 coccinelle.jpg
3 54.2857 628 231 sauterelle.jpg
4 47.1429 359 41 chenille.jpg
5 54.2857 83 156 larve.jpg
6 51.4286 744 147 gendarme.jpg
7 42.8571 630 603 mulot.jpg
8 47.1429 282 587 moustique.jpg
9 62.8571 33 582 libellule.jpg
10 52.8571 331 225 moineau.jpg
11 34.2857 14 365 chouette.jpg
0 0 0 0 0 0 0 0 0 0 0 0 
40 0 0 0 0 0 0 0 0 0 0 0 
0 53 0 0 0 0 0 0 0 0 0 0 
50 0 0 0 0 0 0 0 0 0 0 0 
40 0 0 0 0 0 0 0 0 0 0 0 
1 0 0 0 0 0 0 0 0 0 0 0 
0 0 0 0 50 0 0 0 0 0 0 0 
0 0 0 28 1 46 37 0 0 0 0 0 
0 0 0 0 0 0 0 43 0 0 25 43 
0 0 0 0 0 0 0 0 56 0 0 0 
0 0 34 59 43 0 0 0 31 0 0 0 
0 0 0 0 0 0 0 25 0 0 43 0 
